// Generated using In-game Timecyc Editor 1.8 written by fastman92
// Visit fastman92-site.tk

//////////// EXTRASUNNY_LA
//Amb			Amb_Obj	Dir			Sky top			Sky bot		SunCore		SunCorona	SunSz	SprSz	SprBght	Shdw	LightShd	PoleShd	FarClp	FogSt	LightOnGround	LowCloudsRGB	BottomCloudRGB	WaterRGBA			Alpha1	RGB1			Alpha2	RGB2		CloudAlpha		Illumination
//Midnight
0 0 0	33 33 33	255 255 255	0 0 0	0 0 0	0 0 0	5 0 0	1 0.3 0.8 200 100 0 528 95 1	0 0 0	3 3 3	38 38 55 240	127 64 64 64	127 88 27 0	122 0 0 0
//5AM
7 6 6	54 54 54	255 255 255	30 44 52	108 121 127	255 128 0	255 128 0	2.3 0.3 0.4 140 93 0 554 361 0.8	0 0 0	243 129 52	90 170 170 240	127 86 86 86	127 149 94 0	25 120 0 0
//6AM
6 6 6	49 49 49	255 255 255	88 125 148	114 121 132	255 128 0	255 128 0	1.4 0.3 0.8 140 93 0 558 340 0.8	0 0 0	243 129 52	90 170 170 240	127 86 86 86	127 149 94 0	122 120 0 1
//7AM
0 0 0	24 24 24	255 255 255	102 140 231	119 128 150	255 255 255	255 255 255	1.1 0.4 0.8 236 0 190 536 433 0	0 0 0	255 255 255	90 170 170 240	127 70 121 120	127 160 88 21	88 220 0 1
//Midday
0 0 0	53 53 53	255 255 255	122 128 190	128 142 160	255 255 255	255 255 255	1.8 0.3 0.8 211 0 149 547 444 0.4	0 0 0	255 255 255	145 170 170 240	127 58 110 115	127 123 70 14	255 255 0 1
//7PM
1 1 1	67 67 67	255 255 255	104 131 197	185 168 131	255 255 255	255 255 255	2.1 0.3 0.7 110 40 0 561 513 0.8	0 0 0	152 180 224	153 95 87 240	127 159 80 0	127 122 27 0	255 255 0 1
//8PM
0 0 0	22 22 22	255 255 255	27 37 88	103 76 44	255 128 0	155 0 0	2 0.4 0.4 100 60 0 531 308 1	0 0 0	128 128 192	67 67 67 240	127 118 89 48	127 69 28 6	62 120 0 1
//10PM
4 2 2	35 35 35	255 255 255	0 0 0	29 25 18	255 128 0	255 128 0	25.4 0.4 0.5 140 100 0 542 218 0.8	0 0 0	255 175 164	185 160 160 240	127 182 57 39	127 77 66 0	122 0 0 0
//
//////////// SUNNY_LA
//Amb			Amb_Obj	Dir			Sky top			Sky bot		SunCore		SunCorona	SunSz	SprSz	SprBght	Shdw	LightShd	PoleShd	FarClp	FogSt	LightOnGround	LowCloudsRGB	BottomCloudRGB	WaterRGBA			Alpha1	RGB1			Alpha2	RGB2		CloudAlpha		Illumination
//Midnight
0 0 0	33 33 33	255 255 255	0 0 0	0 0 0	0 0 0	5 0 0	1 0.3 0.8 200 100 0 475 156 1	0 0 0	3 3 3	38 38 55 240	127 64 64 64	127 88 27 0	122 0 0 0
//5AM
7 6 6	54 54 54	255 255 255	30 44 52	108 121 127	255 128 0	255 128 0	2.3 0.3 0.4 140 93 0 532 318 0.8	0 0 0	243 129 52	90 170 170 240	127 86 86 86	127 149 94 0	25 120 0 0
//6AM
6 6 6	49 49 49	255 255 255	88 125 148	114 121 132	255 128 0	255 128 0	1.4 0.3 0.8 140 93 0 531 286 0.8	0 0 0	243 129 52	90 170 170 240	127 86 86 86	127 149 94 0	122 120 0 1
//7AM
0 0 0	24 24 24	255 255 255	102 140 231	119 128 150	255 255 255	255 255 255	1.1 0.4 0.8 236 0 190 543 370 0	0 0 0	255 255 255	90 170 170 240	127 70 121 120	127 160 88 21	88 220 0 1
//Midday
0 0 0	53 53 53	255 255 255	122 128 190	128 142 160	255 255 255	255 255 255	1.8 0.3 0.8 211 0 149 538 419 0.4	0 0 0	255 255 255	145 170 170 240	127 58 110 115	127 123 70 14	255 255 0 1
//7PM
1 1 1	67 67 67	255 255 255	104 131 197	185 168 131	255 255 255	255 255 255	2.1 0.3 0.7 110 40 0 543 433 0.8	0 0 0	152 180 224	153 95 87 240	127 159 80 0	127 122 27 0	255 255 0 1
//8PM
0 0 0	22 22 22	255 255 255	27 37 88	103 76 44	255 128 0	155 0 0	2 0.4 0.4 100 60 0 542 308 1	0 0 0	128 128 192	67 67 67 240	127 118 89 48	127 69 28 6	62 120 0 1
//10PM
4 2 2	35 35 35	255 255 255	0 0 0	29 25 18	255 128 0	255 128 0	25.4 0.4 0.5 140 100 0 510 201 0.8	0 0 0	255 175 164	185 160 160 240	127 182 57 39	127 77 66 0	122 0 0 0
//
//////////// EXTRASUNNY_SMOG_LA
//Amb			Amb_Obj	Dir			Sky top			Sky bot		SunCore		SunCorona	SunSz	SprSz	SprBght	Shdw	LightShd	PoleShd	FarClp	FogSt	LightOnGround	LowCloudsRGB	BottomCloudRGB	WaterRGBA			Alpha1	RGB1			Alpha2	RGB2		CloudAlpha		Illumination
//Midnight
0 0 0	33 33 33	255 255 255	0 0 0	0 0 0	0 0 0	5 0 0	1 0.3 0.8 200 100 0 479 92 1	0 0 0	3 3 3	38 38 55 240	127 64 64 64	127 88 27 0	122 0 0 0
//5AM
7 6 6	54 54 54	255 255 255	30 44 52	108 121 127	255 128 0	255 128 0	2.3 0.3 0.4 140 93 0 536 279 0.8	0 0 0	243 129 52	90 170 170 240	127 86 86 86	127 149 94 0	25 120 0 0
//6AM
6 6 6	49 49 49	255 255 255	88 125 148	114 121 132	255 128 0	255 128 0	1.4 0.3 0.8 140 93 0 551 277 0.8	0 0 0	243 129 52	90 170 170 240	127 86 86 86	127 149 94 0	122 120 0 1
//7AM
0 0 0	24 24 24	255 255 255	102 140 231	119 128 150	255 255 255	255 255 255	1.1 0.4 0.8 236 0 190 542 361 0	0 0 0	255 255 255	90 170 170 240	127 70 121 120	127 160 88 21	88 220 0 1
//Midday
0 0 0	53 53 53	255 255 255	122 128 190	128 142 160	255 255 255	255 255 255	1.8 0.3 0.8 211 0 149 554 346 0.4	0 0 0	255 255 255	145 170 170 240	127 58 110 115	127 123 70 14	255 255 0 1
//7PM
1 1 1	67 67 67	255 255 255	104 131 197	185 168 131	255 255 255	255 255 255	2.1 0.3 0.7 110 40 0 535 455 0.8	0 0 0	152 180 224	153 95 87 240	127 159 80 0	127 122 27 0	255 255 0 1
//8PM
0 0 0	22 22 22	255 255 255	27 37 88	103 76 44	255 128 0	155 0 0	2 0.4 0.4 100 60 0 560 236 1	0 0 0	128 128 192	67 67 67 240	127 118 89 48	127 69 28 6	62 120 0 1
//10PM
4 2 2	35 35 35	255 255 255	0 0 0	29 25 18	255 128 0	255 128 0	25.4 0.4 0.5 140 100 0 549 174 0.8	0 0 0	255 175 164	185 160 160 240	127 182 57 39	127 77 66 0	122 0 0 0
//
//////////// SUNNY_SMOG_LA
//Amb			Amb_Obj	Dir			Sky top			Sky bot		SunCore		SunCorona	SunSz	SprSz	SprBght	Shdw	LightShd	PoleShd	FarClp	FogSt	LightOnGround	LowCloudsRGB	BottomCloudRGB	WaterRGBA			Alpha1	RGB1			Alpha2	RGB2		CloudAlpha		Illumination
//Midnight
0 0 0	33 33 33	255 255 255	0 0 0	0 0 0	0 0 0	5 0 0	1 0.3 0.8 200 100 0 439 79 1	0 0 0	3 3 3	38 38 55 240	127 64 64 64	127 88 27 0	122 0 0 0
//5AM
7 6 6	54 54 54	255 255 255	30 44 52	108 121 127	255 128 0	255 128 0	2.3 0.3 0.4 140 93 0 518 251 0.8	0 0 0	243 129 52	90 170 170 240	127 86 86 86	127 149 94 0	25 120 0 0
//6AM
6 6 6	49 49 49	255 255 255	88 125 148	114 121 132	255 128 0	255 128 0	1.4 0.3 0.8 140 93 0 520 300 0.8	0 0 0	243 129 52	90 170 170 240	127 86 86 86	127 149 94 0	122 120 0 1
//7AM
0 0 0	24 24 24	255 255 255	102 140 231	119 128 150	255 255 255	255 255 255	1.1 0.4 0.8 236 0 190 546 340 0	0 0 0	255 255 255	90 170 170 240	127 70 121 120	127 160 88 21	88 220 0 1
//Midday
0 0 0	53 53 53	255 255 255	122 128 190	128 142 160	255 255 255	255 255 255	1.8 0.3 0.8 211 0 149 523 424 0.4	0 0 0	255 255 255	145 170 170 240	127 58 110 115	127 123 70 14	255 255 0 1
//7PM
1 1 1	67 67 67	255 255 255	104 131 197	185 168 131	255 255 255	255 255 255	2.1 0.3 0.7 110 40 0 525 440 0.8	0 0 0	152 180 224	153 95 87 240	127 159 80 0	127 122 27 0	255 255 0 1
//8PM
0 0 0	22 22 22	255 255 255	27 37 88	103 76 44	255 128 0	155 0 0	2 0.4 0.4 100 60 0 538 296 1	0 0 0	128 128 192	67 67 67 240	127 118 89 48	127 69 28 6	62 120 0 1
//10PM
4 2 2	35 35 35	255 255 255	0 0 0	29 25 18	255 128 0	255 128 0	25.4 0.4 0.5 140 100 0 541 218 0.8	0 0 0	255 175 164	185 160 160 240	127 182 57 39	127 77 66 0	122 0 0 0
//
//////////// CLOUDY_LA
//Amb			Amb_Obj	Dir			Sky top			Sky bot		SunCore		SunCorona	SunSz	SprSz	SprBght	Shdw	LightShd	PoleShd	FarClp	FogSt	LightOnGround	LowCloudsRGB	BottomCloudRGB	WaterRGBA			Alpha1	RGB1			Alpha2	RGB2		CloudAlpha		Illumination
//Midnight
0 0 0	33 33 33	255 255 255	0 0 0	0 0 0	0 0 0	5 0 0	1 0.3 0.8 200 100 0 434 33 1	0 0 0	3 3 3	38 38 55 240	127 64 64 64	127 88 27 0	122 0 0 1
//5AM
7 6 6	54 54 54	255 255 255	30 44 52	65 77 82	255 128 0	255 128 0	25.4 0.7 0.4 140 93 0 426 226 0.8	0 0 0	243 129 52	90 170 170 240	127 86 86 86	127 149 94 0	25 120 0 1
//6AM
14 14 14	49 49 49	255 255 255	17 26 30	123 128 124	255 128 0	255 128 0	25.4 0.3 0.8 140 93 0 501 155 0.8	0 0 0	243 129 52	90 170 170 240	127 86 86 86	127 149 94 0	122 120 0 1
//7AM
5 5 5	32 32 32	255 255 255	88 96 116	83 91 104	255 255 255	255 255 255	0 25.3 20.3 236 0 190 488 336 0	0 0 0	255 255 255	90 170 170 240	127 70 121 120	127 160 88 21	88 220 0 1
//Midday
12 12 12	53 53 53	255 255 255	76 71 100	74 83 93	255 255 255	255 255 255	1.8 0.2 0.8 211 0 149 397 346 0.4	0 0 0	255 255 255	145 170 170 240	127 58 110 115	127 123 70 14	255 255 0 1
//7PM
1 1 1	67 67 67	255 255 255	46 53 54	107 117 105	255 255 255	255 255 255	0.1 25.5 1 110 40 0 427 284 0.8	0 0 0	152 180 224	153 95 87 240	127 159 80 0	127 122 27 0	255 255 0 1
//8PM
0 0 0	22 22 22	255 255 255	16 21 52	31 39 38	255 128 0	155 0 0	2 0.4 0.4 100 60 0 462 282 1	0 0 0	128 128 192	67 67 67 240	127 118 89 48	127 69 28 6	62 120 0 1
//10PM
2 4 2	35 35 35	255 255 255	0 0 0	23 20 14	255 128 0	255 128 0	25.4 0.4 0.1 140 100 0 422 151 0.8	0 0 0	255 175 164	185 160 160 240	127 182 57 39	127 77 66 0	122 0 0 1
//
//////////// SUNNY_SF
//Amb			Amb_Obj	Dir			Sky top			Sky bot		SunCore		SunCorona	SunSz	SprSz	SprBght	Shdw	LightShd	PoleShd	FarClp	FogSt	LightOnGround	LowCloudsRGB	BottomCloudRGB	WaterRGBA			Alpha1	RGB1			Alpha2	RGB2		CloudAlpha		Illumination
//Midnight
0 0 0	33 33 33	255 255 255	0 0 0	0 0 0	0 0 0	5 0 0	1 0.3 0.8 200 100 0 615 204 1	0 0 0	3 3 3	38 38 55 240	127 64 64 64	127 88 27 0	122 0 0 0
//5AM
7 6 6	54 54 54	255 255 255	30 44 52	108 121 127	255 128 0	255 128 0	2.3 0.3 0.4 140 93 0 667 366 0.8	0 0 0	243 129 52	90 170 170 240	127 86 86 86	127 149 94 0	25 120 0 0
//6AM
6 6 6	49 49 49	255 255 255	88 125 148	114 121 132	255 128 0	255 128 0	1.4 0.3 0.8 140 93 0 600 388 0.8	0 0 0	243 129 52	90 170 170 240	127 86 86 86	127 149 94 0	122 120 0 1
//7AM
0 0 0	24 24 24	255 255 255	102 140 231	119 128 150	255 255 255	255 255 255	1.1 0.4 0.8 236 0 190 677 484 0	0 0 0	255 255 255	90 170 170 240	127 70 121 120	127 160 88 21	88 220 0 1
//Midday
0 0 0	53 53 53	255 255 255	122 128 190	128 142 160	255 255 255	255 255 255	1.8 0.3 0.8 211 0 149 613 495 0.4	0 0 0	255 255 255	145 170 170 240	127 58 110 115	127 123 70 14	255 255 0 1
//7PM
1 1 1	67 67 67	255 255 255	104 131 197	185 168 131	255 255 255	255 255 255	2.1 0.3 0.7 110 40 0 625 513 0.8	0 0 0	152 180 224	153 95 87 240	127 159 80 0	127 122 27 0	255 255 0 1
//8PM
0 0 0	22 22 22	255 255 255	27 37 88	103 76 44	255 128 0	155 0 0	2 0.4 0.4 100 60 0 644 331 1	0 0 0	128 128 192	67 67 67 240	127 118 89 48	127 69 28 6	62 120 0 1
//10PM
4 2 2	35 35 35	255 255 255	0 0 0	29 25 18	255 128 0	255 128 0	25.4 0.4 0.5 140 100 0 669 218 0.8	0 0 0	255 175 164	185 160 160 240	127 182 57 39	127 77 66 0	122 0 0 0
//
//////////// EXTRASUNNY_SF
//Amb			Amb_Obj	Dir			Sky top			Sky bot		SunCore		SunCorona	SunSz	SprSz	SprBght	Shdw	LightShd	PoleShd	FarClp	FogSt	LightOnGround	LowCloudsRGB	BottomCloudRGB	WaterRGBA			Alpha1	RGB1			Alpha2	RGB2		CloudAlpha		Illumination
//Midnight
0 0 0	33 33 33	255 255 255	0 0 0	0 0 0	0 0 0	5 0 0	1 0.3 0.8 200 100 0 615 204 1	0 0 0	3 3 3	38 38 55 240	127 64 64 64	127 88 27 0	122 0 0 0
//5AM
7 6 6	54 54 54	255 255 255	30 44 52	108 121 127	255 128 0	255 128 0	2.3 0.3 0.4 140 93 0 667 366 0.8	0 0 0	243 129 52	90 170 170 240	127 86 86 86	127 149 94 0	25 120 0 0
//6AM
6 6 6	49 49 49	255 255 255	88 125 148	114 121 132	255 128 0	255 128 0	1.4 0.3 0.8 140 93 0 600 388 0.8	0 0 0	243 129 52	90 170 170 240	127 86 86 86	127 149 94 0	122 120 0 1
//7AM
0 0 0	24 24 24	255 255 255	102 140 231	119 128 150	255 255 255	255 255 255	1.1 0.4 0.8 236 0 190 677 484 0	0 0 0	255 255 255	90 170 170 240	127 70 121 120	127 160 88 21	88 220 0 1
//Midday
0 0 0	53 53 53	255 255 255	122 128 190	128 142 160	255 255 255	255 255 255	1.8 0.3 0.8 211 0 149 613 495 0.4	0 0 0	255 255 255	145 170 170 240	127 58 110 115	127 123 70 14	255 255 0 1
//7PM
1 1 1	67 67 67	255 255 255	104 131 197	185 168 131	255 255 255	255 255 255	2.1 0.3 0.7 110 40 0 625 513 0.8	0 0 0	152 180 224	153 95 87 240	127 159 80 0	127 122 27 0	255 255 0 1
//8PM
0 0 0	22 22 22	255 255 255	27 37 88	103 76 44	255 128 0	155 0 0	2 0.4 0.4 100 60 0 644 331 1	0 0 0	128 128 192	67 67 67 240	127 118 89 48	127 69 28 6	62 120 0 1
//10PM
4 2 2	35 35 35	255 255 255	0 0 0	29 25 18	255 128 0	255 128 0	25.4 0.4 0.5 140 100 0 669 218 0.8	0 0 0	255 175 164	185 160 160 240	127 182 57 39	127 77 66 0	122 0 0 0
//
//////////// CLOUDY_SF
//Amb			Amb_Obj	Dir			Sky top			Sky bot		SunCore		SunCorona	SunSz	SprSz	SprBght	Shdw	LightShd	PoleShd	FarClp	FogSt	LightOnGround	LowCloudsRGB	BottomCloudRGB	WaterRGBA			Alpha1	RGB1			Alpha2	RGB2		CloudAlpha		Illumination
//Midnight
0 0 0	33 33 33	255 255 255	0 0 0	0 0 0	0 0 0	5 0 0	1 0.3 0.8 200 100 0 240 87 1	0 0 0	3 3 3	38 38 55 240	127 64 64 64	127 88 27 0	122 0 0 1
//5AM
7 6 6	54 54 54	255 255 255	30 44 52	65 77 82	255 128 0	255 128 0	25.4 0.7 0.4 140 93 0 312 208 0.8	0 0 0	243 129 52	90 170 170 240	127 86 86 86	127 149 94 0	25 120 0 1
//6AM
14 14 14	49 49 49	255 255 255	17 26 30	123 128 124	255 128 0	255 128 0	25.4 0.3 0.8 140 93 0 289 163 0.8	0 0 0	243 129 52	90 170 170 240	127 86 86 86	127 149 94 0	122 120 0 1
//7AM
5 5 5	32 32 32	255 255 255	88 96 116	83 91 104	255 255 255	255 255 255	0 25.3 20.3 236 0 190 306 248 0	0 0 0	255 255 255	90 170 170 240	127 70 121 120	127 160 88 21	88 220 0 1
//Midday
12 12 12	53 53 53	255 255 255	76 71 100	74 83 93	255 255 255	255 255 255	1.8 0.2 0.8 211 0 149 292 162 0.4	0 0 0	255 255 255	145 170 170 240	127 58 110 115	127 123 70 14	255 255 0 1
//7PM
1 1 1	67 67 67	255 255 255	46 53 54	107 117 105	255 255 255	255 255 255	0.1 25.5 1 110 40 0 267 197 0.8	0 0 0	152 180 224	153 95 87 240	127 159 80 0	127 122 27 0	255 255 0 1
//8PM
0 0 0	22 22 22	255 255 255	16 21 52	31 39 38	255 128 0	155 0 0	2 0.4 0.4 100 60 0 282 165 1	0 0 0	128 128 192	67 67 67 240	127 118 89 48	127 69 28 6	62 120 0 1
//10PM
2 4 2	35 35 35	255 255 255	0 0 0	23 20 14	255 128 0	255 128 0	25.4 0.4 0.1 140 100 0 239 130 0.8	0 0 0	255 175 164	185 160 160 240	127 182 57 39	127 77 66 0	122 0 0 1
//
//////////// RAINY_SF
//Amb			Amb_Obj	Dir			Sky top			Sky bot		SunCore		SunCorona	SunSz	SprSz	SprBght	Shdw	LightShd	PoleShd	FarClp	FogSt	LightOnGround	LowCloudsRGB	BottomCloudRGB	WaterRGBA			Alpha1	RGB1			Alpha2	RGB2		CloudAlpha		Illumination
//Midnight
0 0 0	33 33 33	255 255 255	0 0 0	0 0 0	0 0 0	5 0 0	1 0.3 0.8 200 100 0 34 6 1	0 0 0	3 3 3	38 38 55 240	127 64 64 64	127 88 27 0	122 0 0 0
//5AM
7 6 6	54 54 54	255 255 255	30 44 52	65 77 82	255 128 0	255 128 0	25.4 0.7 0.4 140 93 0 35 8 0.8	0 0 0	243 129 52	90 170 170 240	127 86 86 86	127 149 94 0	25 120 0 0
//6AM
14 14 14	49 49 49	255 255 255	17 26 30	93 97 94	255 128 0	255 128 0	25.4 0.3 0.8 140 93 0 42 8 0.8	0 0 0	243 129 52	90 170 170 240	127 86 86 86	127 149 94 0	122 120 0 0
//7AM
5 5 5	32 32 32	255 255 255	88 96 116	83 91 104	255 255 255	255 255 255	0 25.3 20.3 236 0 190 61 11 0	0 0 0	255 255 255	90 170 170 240	127 70 121 120	127 160 88 21	88 220 0 0
//Midday
12 12 12	53 53 53	255 255 255	76 71 100	74 83 93	255 255 255	255 255 255	1.8 0.2 0.8 211 0 149 42 7 0.4	0 0 0	255 255 255	145 170 170 240	127 58 110 115	127 123 70 14	255 255 0 0
//7PM
1 1 1	67 67 67	255 255 255	46 53 54	107 117 105	255 255 255	255 255 255	0.1 25.5 1 110 40 0 38 11 0.8	0 0 0	152 180 224	153 95 87 240	127 159 80 0	127 122 27 0	255 255 0 0
//8PM
0 0 0	22 22 22	255 255 255	16 21 52	31 39 38	255 128 0	155 0 0	2 0.4 0.4 100 60 0 38 6 1	0 0 0	128 128 192	67 67 67 240	127 118 89 48	127 69 28 6	62 120 0 0
//10PM
2 4 2	35 35 35	255 255 255	0 0 0	23 20 14	255 128 0	255 128 0	25.4 0.4 0.1 140 100 0 36 9 0.8	0 0 0	255 175 164	185 160 160 240	127 182 57 39	127 77 66 0	122 0 0 0
//
//////////// FOGGY_SF
//Amb			Amb_Obj	Dir			Sky top			Sky bot		SunCore		SunCorona	SunSz	SprSz	SprBght	Shdw	LightShd	PoleShd	FarClp	FogSt	LightOnGround	LowCloudsRGB	BottomCloudRGB	WaterRGBA			Alpha1	RGB1			Alpha2	RGB2		CloudAlpha		Illumination
//Midnight
0 0 0	33 33 33	255 255 255	0 0 0	0 0 0	0 0 0	5 0 0	1 0.3 0.8 200 100 0 139 61 1	0 0 0	3 3 3	38 38 55 240	127 64 64 64	127 88 27 0	122 0 0 0
//5AM
7 6 6	54 54 54	255 255 255	30 44 52	108 121 127	255 128 0	255 128 0	0.4 0.3 25.1 140 93 0 172 57 0.8	0 0 0	243 129 52	90 170 170 240	127 86 86 86	127 149 94 0	25 120 0 0
//6AM
6 6 6	49 49 49	255 255 255	88 125 148	114 121 132	255 128 0	255 128 0	25.5 25 0 140 93 0 136 68 0.8	0 0 0	243 129 52	90 170 170 240	127 86 86 86	127 149 94 0	122 120 0 0
//7AM
0 0 0	24 24 24	255 255 255	194 202 238	119 128 150	255 255 255	255 255 255	1.1 0.4 0.8 236 0 190 176 66 0	0 0 0	255 255 255	90 170 170 240	127 70 121 120	127 160 88 21	88 220 0 0
//Midday
0 0 0	53 53 53	255 255 255	186 186 190	147 152 160	255 255 255	255 255 255	1.8 0.3 0.8 211 0 149 172 67 0.4	0 0 0	255 255 255	145 170 170 240	127 58 110 115	127 123 70 14	255 255 0 1
//7PM
1 1 1	67 67 67	255 255 255	167 175 197	185 184 184	255 255 255	255 255 255	2.1 0.3 0.7 110 40 0 185 60 0.8	0 0 0	152 180 224	153 95 87 240	127 159 80 0	127 122 27 0	255 255 3 1
//8PM
0 0 0	22 22 22	255 255 255	84 85 88	103 100 97	255 128 0	155 0 0	2 0.4 0.4 100 60 0 131 106 1	0 0 0	128 128 192	67 67 67 240	127 118 89 48	127 69 28 6	62 120 0 1
//10PM
4 2 2	35 35 35	255 255 255	0 0 0	29 25 18	255 128 0	255 128 0	25.4 0.4 0.5 140 100 0 137 38 0.8	0 0 0	255 175 164	185 160 160 240	127 182 57 39	127 77 66 0	122 0 0 0
//
//////////// SUNNY_VEGAS
//Amb			Amb_Obj	Dir			Sky top			Sky bot		SunCore		SunCorona	SunSz	SprSz	SprBght	Shdw	LightShd	PoleShd	FarClp	FogSt	LightOnGround	LowCloudsRGB	BottomCloudRGB	WaterRGBA			Alpha1	RGB1			Alpha2	RGB2		CloudAlpha		Illumination
//Midnight
0 0 0	33 33 33	255 255 255	0 0 0	0 0 0	0 0 0	5 0 0	1 0.3 0.8 200 100 0 615 204 1	0 0 0	3 3 3	38 38 55 240	127 64 64 64	127 88 27 0	122 0 0 0
//5AM
7 6 6	54 54 54	255 255 255	30 44 52	108 121 127	255 128 0	255 128 0	2.3 0.3 0.4 140 93 0 667 366 0.8	0 0 0	243 129 52	90 170 170 240	127 86 86 86	127 149 94 0	25 120 0 0
//6AM
6 6 6	49 49 49	255 255 255	88 125 148	114 121 132	255 128 0	255 128 0	1.4 0.3 0.8 140 93 0 600 388 0.8	0 0 0	243 129 52	90 170 170 240	127 86 86 86	127 149 94 0	122 120 0 1
//7AM
0 0 0	24 24 24	255 255 255	102 140 231	119 128 150	255 255 255	255 255 255	1.1 0.4 0.8 236 0 190 677 484 0	0 0 0	255 255 255	90 170 170 240	127 70 121 120	127 160 88 21	88 220 0 1
//Midday
0 0 0	53 53 53	255 255 255	122 128 190	128 142 160	255 255 255	255 255 255	1.8 0.3 0.8 211 0 149 613 495 0.4	0 0 0	255 255 255	145 170 170 240	127 58 110 115	127 123 70 14	255 255 0 1
//7PM
1 1 1	67 67 67	255 255 255	104 131 197	185 168 131	255 255 255	255 255 255	2.1 0.3 0.7 110 40 0 625 513 0.8	0 0 0	152 180 224	153 95 87 240	127 159 80 0	127 122 27 0	255 255 0 1
//8PM
0 0 0	22 22 22	255 255 255	27 37 88	103 76 44	255 128 0	155 0 0	2 0.4 0.4 100 60 0 644 331 1	0 0 0	128 128 192	67 67 67 240	127 118 89 48	127 69 28 6	62 120 0 1
//10PM
4 2 2	35 35 35	255 255 255	0 0 0	29 25 18	255 128 0	255 128 0	25.4 0.4 0.5 140 100 0 669 218 0.8	0 0 0	255 175 164	185 160 160 240	127 182 57 39	127 77 66 0	122 0 0 0
//
//////////// EXTRASUNNY_VEGAS
//Amb			Amb_Obj	Dir			Sky top			Sky bot		SunCore		SunCorona	SunSz	SprSz	SprBght	Shdw	LightShd	PoleShd	FarClp	FogSt	LightOnGround	LowCloudsRGB	BottomCloudRGB	WaterRGBA			Alpha1	RGB1			Alpha2	RGB2		CloudAlpha		Illumination
//Midnight
0 0 0	33 33 33	255 255 255	0 0 0	0 0 0	0 0 0	5 0 0	1 0.3 0.8 200 100 0 615 204 1	0 0 0	3 3 3	38 38 55 240	127 64 64 64	127 88 27 0	122 0 0 0
//5AM
7 6 6	54 54 54	255 255 255	30 44 52	108 121 127	255 128 0	255 128 0	2.3 0.3 0.4 140 93 0 667 366 0.8	0 0 0	243 129 52	90 170 170 240	127 86 86 86	127 149 94 0	25 120 0 0
//6AM
6 6 6	49 49 49	255 255 255	88 125 148	114 121 132	255 128 0	255 128 0	1.4 0.3 0.8 140 93 0 600 388 0.8	0 0 0	243 129 52	90 170 170 240	127 86 86 86	127 149 94 0	122 120 0 1
//7AM
0 0 0	24 24 24	255 255 255	102 140 231	119 128 150	255 255 255	255 255 255	1.1 0.4 0.8 236 0 190 677 484 0	0 0 0	255 255 255	90 170 170 240	127 70 121 120	127 160 88 21	88 220 0 1
//Midday
0 0 0	53 53 53	255 255 255	122 128 190	128 142 160	255 255 255	255 255 255	1.8 0.3 0.8 211 0 149 613 495 0.4	0 0 0	255 255 255	145 170 170 240	127 58 110 115	127 123 70 14	255 255 0 1
//7PM
1 1 1	67 67 67	255 255 255	104 131 197	185 168 131	255 255 255	255 255 255	2.1 0.3 0.7 110 40 0 625 513 0.8	0 0 0	152 180 224	153 95 87 240	127 159 80 0	127 122 27 0	255 255 0 1
//8PM
0 0 0	22 22 22	255 255 255	27 37 88	103 76 44	255 128 0	155 0 0	2 0.4 0.4 100 60 0 644 331 1	0 0 0	128 128 192	67 67 67 240	127 118 89 48	127 69 28 6	62 120 0 1
//10PM
4 2 2	35 35 35	255 255 255	0 0 0	29 25 18	255 128 0	255 128 0	25.4 0.4 0.5 140 100 0 669 218 0.8	0 0 0	255 175 164	185 160 160 240	127 182 57 39	127 77 66 0	122 0 0 0
//
//////////// CLOUDY_VEGAS
//Amb			Amb_Obj	Dir			Sky top			Sky bot		SunCore		SunCorona	SunSz	SprSz	SprBght	Shdw	LightShd	PoleShd	FarClp	FogSt	LightOnGround	LowCloudsRGB	BottomCloudRGB	WaterRGBA			Alpha1	RGB1			Alpha2	RGB2		CloudAlpha		Illumination
//Midnight
0 0 0	33 33 33	255 255 255	0 0 0	0 0 0	0 0 0	5 0 0	1 0.3 0.8 200 100 0 615 204 1	0 0 0	3 3 3	38 38 55 240	127 64 64 64	127 88 27 0	122 0 0 1
//5AM
7 6 6	54 54 54	255 255 255	30 44 52	65 77 82	255 128 0	255 128 0	25.4 0.7 0.4 140 93 0 482 287 0.8	0 0 0	243 129 52	90 170 170 240	127 86 86 86	127 149 94 0	25 120 0 1
//6AM
14 14 14	49 49 49	255 255 255	17 26 30	123 128 124	255 128 0	255 128 0	25.4 0.3 0.8 140 93 0 600 165 0.8	0 0 0	243 129 52	90 170 170 240	127 86 86 86	127 149 94 0	122 120 0 1
//7AM
5 5 5	32 32 32	255 255 255	88 96 116	83 91 104	255 255 255	255 255 255	0 25.3 20.3 236 0 190 552 410 0	0 0 0	255 255 255	90 170 170 240	127 70 121 120	127 160 88 21	88 220 0 1
//Midday
12 12 12	53 53 53	255 255 255	76 71 100	74 83 93	255 255 255	255 255 255	1.8 0.2 0.8 211 0 149 433 408 0.4	0 0 0	255 255 255	145 170 170 240	127 58 110 115	127 123 70 14	255 255 0 1
//7PM
1 1 1	67 67 67	255 255 255	46 53 54	107 117 105	255 255 255	255 255 255	0.1 25.5 1 110 40 0 566 334 0.8	0 0 0	152 180 224	153 95 87 240	127 159 80 0	127 122 27 0	255 255 0 1
//8PM
0 0 0	22 22 22	255 255 255	16 21 52	31 39 38	255 128 0	155 0 0	2 0.4 0.4 100 60 0 644 331 1	0 0 0	128 128 192	67 67 67 240	127 118 89 48	127 69 28 6	62 120 0 1
//10PM
2 4 2	35 35 35	255 255 255	0 0 0	23 20 14	255 128 0	255 128 0	25.4 0.4 0.1 140 100 0 669 218 0.8	0 0 0	255 175 164	185 160 160 240	127 182 57 39	127 77 66 0	122 0 0 1
//
//////////// EXTRASUNNY_COUNTRYSIDE
//Amb			Amb_Obj	Dir			Sky top			Sky bot		SunCore		SunCorona	SunSz	SprSz	SprBght	Shdw	LightShd	PoleShd	FarClp	FogSt	LightOnGround	LowCloudsRGB	BottomCloudRGB	WaterRGBA			Alpha1	RGB1			Alpha2	RGB2		CloudAlpha		Illumination
//Midnight
0 0 0	33 33 33	255 255 255	0 0 0	0 0 0	0 0 0	5 0 0	1 0.3 0.8 200 100 0 615 204 1	0 0 0	3 3 3	38 38 55 240	127 64 64 64	127 88 27 0	122 0 0 0
//5AM
7 6 6	54 54 54	255 255 255	30 44 52	108 121 127	255 128 0	255 128 0	2.3 0.3 0.4 140 93 0 667 366 0.8	0 0 0	243 129 52	90 170 170 240	127 86 86 86	127 149 94 0	25 120 0 0
//6AM
6 6 6	49 49 49	255 255 255	88 125 148	114 121 132	255 128 0	255 128 0	1.4 0.3 0.8 140 93 0 600 388 0.8	0 0 0	243 129 52	90 170 170 240	127 86 86 86	127 149 94 0	122 120 0 1
//7AM
0 0 0	24 24 24	255 255 255	102 140 231	119 128 150	255 255 255	255 255 255	1.1 0.4 0.8 236 0 190 677 484 0	0 0 0	255 255 255	90 170 170 240	127 70 121 120	127 160 88 21	88 220 0 1
//Midday
0 0 0	53 53 53	255 255 255	122 128 190	128 142 160	255 255 255	255 255 255	1.8 0.3 0.8 211 0 149 613 495 0.4	0 0 0	255 255 255	145 170 170 240	127 58 110 115	127 123 70 14	255 255 0 1
//7PM
1 1 1	67 67 67	255 255 255	104 131 197	185 168 131	255 255 255	255 255 255	2.1 0.3 0.7 110 40 0 625 513 0.8	0 0 0	152 180 224	153 95 87 240	127 159 80 0	127 122 27 0	255 255 0 1
//8PM
0 0 0	22 22 22	255 255 255	27 37 88	103 76 44	255 128 0	155 0 0	2 0.4 0.4 100 60 0 644 331 1	0 0 0	128 128 192	67 67 67 240	127 118 89 48	127 69 28 6	62 120 0 1
//10PM
4 2 2	35 35 35	255 255 255	0 0 0	29 25 18	255 128 0	255 128 0	25.4 0.4 0.5 140 100 0 669 218 0.8	0 0 0	255 175 164	185 160 160 240	127 182 57 39	127 77 66 0	122 0 0 0
//
//////////// SUNNY_COUNTRYSIDE
//Amb			Amb_Obj	Dir			Sky top			Sky bot		SunCore		SunCorona	SunSz	SprSz	SprBght	Shdw	LightShd	PoleShd	FarClp	FogSt	LightOnGround	LowCloudsRGB	BottomCloudRGB	WaterRGBA			Alpha1	RGB1			Alpha2	RGB2		CloudAlpha		Illumination
//Midnight
0 0 0	33 33 33	255 255 255	0 0 0	0 0 0	0 0 0	5 0 0	1 0.3 0.8 200 100 0 615 204 1	0 0 0	3 3 3	38 38 55 240	127 64 64 64	127 88 27 0	122 0 0 0
//5AM
7 6 6	54 54 54	255 255 255	30 44 52	108 121 127	255 128 0	255 128 0	2.3 0.3 0.4 140 93 0 667 366 0.8	0 0 0	243 129 52	90 170 170 240	127 86 86 86	127 149 94 0	25 120 0 0
//6AM
6 6 6	49 49 49	255 255 255	88 125 148	114 121 132	255 128 0	255 128 0	1.4 0.3 0.8 140 93 0 600 388 0.8	0 0 0	243 129 52	90 170 170 240	127 86 86 86	127 149 94 0	122 120 0 1
//7AM
0 0 0	24 24 24	255 255 255	102 140 231	119 128 150	255 255 255	255 255 255	1.1 0.4 0.8 236 0 190 677 484 0	0 0 0	255 255 255	90 170 170 240	127 70 121 120	127 160 88 21	88 220 0 1
//Midday
0 0 0	53 53 53	255 255 255	122 128 190	128 142 160	255 255 255	255 255 255	1.8 0.3 0.8 211 0 149 613 495 0.4	0 0 0	255 255 255	145 170 170 240	127 58 110 115	127 123 70 14	255 255 0 1
//7PM
1 1 1	67 67 67	255 255 255	104 131 197	185 168 131	255 255 255	255 255 255	2.1 0.3 0.7 110 40 0 625 513 0.8	0 0 0	152 180 224	153 95 87 240	127 159 80 0	127 122 27 0	255 255 0 1
//8PM
0 0 0	22 22 22	255 255 255	27 37 88	103 76 44	255 128 0	155 0 0	2 0.4 0.4 100 60 0 644 331 1	0 0 0	128 128 192	67 67 67 240	127 118 89 48	127 69 28 6	62 120 0 1
//10PM
4 2 2	35 35 35	255 255 255	0 0 0	29 25 18	255 128 0	255 128 0	25.4 0.4 0.5 140 100 0 669 218 0.8	0 0 0	255 175 164	185 160 160 240	127 182 57 39	127 77 66 0	122 0 0 0
//
//////////// CLOUDY_COUNTRYSIDE
//Amb			Amb_Obj	Dir			Sky top			Sky bot		SunCore		SunCorona	SunSz	SprSz	SprBght	Shdw	LightShd	PoleShd	FarClp	FogSt	LightOnGround	LowCloudsRGB	BottomCloudRGB	WaterRGBA			Alpha1	RGB1			Alpha2	RGB2		CloudAlpha		Illumination
//Midnight
0 0 0	33 33 33	255 255 255	0 0 0	0 0 0	0 0 0	5 0 0	1 0.3 0.8 200 100 0 615 204 1	0 0 0	3 3 3	38 38 55 240	127 64 64 64	127 88 27 0	122 0 0 1
//5AM
7 6 6	54 54 54	255 255 255	30 44 52	65 77 82	255 128 0	255 128 0	25.4 0.7 0.4 140 93 0 482 287 0.8	0 0 0	243 129 52	90 170 170 240	127 86 86 86	127 149 94 0	25 120 0 1
//6AM
14 14 14	49 49 49	255 255 255	17 26 30	123 128 124	255 128 0	255 128 0	25.4 0.3 0.8 140 93 0 600 165 0.8	0 0 0	243 129 52	90 170 170 240	127 86 86 86	127 149 94 0	122 120 0 1
//7AM
5 5 5	32 32 32	255 255 255	88 96 116	83 91 104	255 255 255	255 255 255	0 25.3 20.3 236 0 190 552 410 0	0 0 0	255 255 255	90 170 170 240	127 70 121 120	127 160 88 21	88 220 0 1
//Midday
12 12 12	53 53 53	255 255 255	76 71 100	74 83 93	255 255 255	255 255 255	1.8 0.2 0.8 211 0 149 433 408 0.4	0 0 0	255 255 255	145 170 170 240	127 58 110 115	127 123 70 14	255 255 0 1
//7PM
1 1 1	67 67 67	255 255 255	46 53 54	107 117 105	255 255 255	255 255 255	0.1 25.5 1 110 40 0 566 334 0.8	0 0 0	152 180 224	153 95 87 240	127 159 80 0	127 122 27 0	255 255 0 1
//8PM
0 0 0	22 22 22	255 255 255	16 21 52	31 39 38	255 128 0	155 0 0	2 0.4 0.4 100 60 0 644 331 1	0 0 0	128 128 192	67 67 67 240	127 118 89 48	127 69 28 6	62 120 0 1
//10PM
2 4 2	35 35 35	255 255 255	0 0 0	23 20 14	255 128 0	255 128 0	25.4 0.4 0.1 140 100 0 669 218 0.8	0 0 0	255 175 164	185 160 160 240	127 182 57 39	127 77 66 0	122 0 0 1
//
//////////// RAINY_COUNTRYSIDE
//Amb			Amb_Obj	Dir			Sky top			Sky bot		SunCore		SunCorona	SunSz	SprSz	SprBght	Shdw	LightShd	PoleShd	FarClp	FogSt	LightOnGround	LowCloudsRGB	BottomCloudRGB	WaterRGBA			Alpha1	RGB1			Alpha2	RGB2		CloudAlpha		Illumination
//Midnight
0 0 0	33 33 33	255 255 255	0 0 0	0 0 0	0 0 0	5 0 0	1 0.3 0.8 200 100 0 42 5 1	0 0 0	3 3 3	38 38 55 240	127 64 64 64	127 88 27 0	122 0 0 1
//5AM
7 6 6	54 54 54	255 255 255	30 44 52	65 77 82	255 128 0	255 128 0	25.4 0.7 0.4 140 93 0 40 11 0.8	0 0 0	243 129 52	90 170 170 240	127 86 86 86	127 149 94 0	25 120 0 1
//6AM
14 14 14	49 49 49	255 255 255	17 26 30	123 128 124	255 128 0	255 128 0	25.4 0.3 0.8 140 93 0 46 8 0.8	0 0 0	243 129 52	90 170 170 240	127 86 86 86	127 149 94 0	122 120 0 1
//7AM
5 5 5	32 32 32	255 255 255	88 96 116	83 91 104	255 255 255	255 255 255	0 25.3 20.3 236 0 190 53 6 0	0 0 0	255 255 255	90 170 170 240	127 70 121 120	127 160 88 21	88 220 0 1
//Midday
12 12 12	53 53 53	255 255 255	76 71 100	74 83 93	255 255 255	255 255 255	1.8 0.2 0.8 211 0 149 52 29 0.4	0 0 0	255 255 255	145 170 170 240	127 58 110 115	127 123 70 14	255 255 0 1
//7PM
1 1 1	67 67 67	255 255 255	46 53 54	107 117 105	255 255 255	255 255 255	0.1 25.5 1 110 40 0 52 9 0.8	0 0 0	152 180 224	153 95 87 240	127 159 80 0	127 122 27 0	255 255 0 1
//8PM
0 0 0	22 22 22	255 255 255	16 21 52	31 39 38	255 128 0	155 0 0	2 0.4 0.4 100 60 0 42 4 1	0 0 0	128 128 192	67 67 67 240	127 118 89 48	127 69 28 6	62 120 0 1
//10PM
2 4 2	35 35 35	255 255 255	0 0 0	23 20 14	255 128 0	255 128 0	25.4 0.4 0.1 140 100 0 55 11 0.8	0 0 0	255 175 164	185 160 160 240	127 182 57 39	127 77 66 0	122 0 0 1
//
//////////// EXTRASUNNY_DESERT
//Amb			Amb_Obj	Dir			Sky top			Sky bot		SunCore		SunCorona	SunSz	SprSz	SprBght	Shdw	LightShd	PoleShd	FarClp	FogSt	LightOnGround	LowCloudsRGB	BottomCloudRGB	WaterRGBA			Alpha1	RGB1			Alpha2	RGB2		CloudAlpha		Illumination
//Midnight
0 0 0	33 33 33	255 255 255	0 0 0	0 0 0	0 0 0	5 0 0	1 0.3 0.8 200 100 0 615 204 1	0 0 0	3 3 3	38 38 55 240	127 64 64 64	127 88 27 0	122 0 0 0
//5AM
7 6 6	54 54 54	255 255 255	30 44 52	108 121 127	255 128 0	255 128 0	2.3 0.3 0.4 140 93 0 667 366 0.8	0 0 0	243 129 52	90 170 170 240	127 86 86 86	127 149 94 0	25 120 0 0
//6AM
6 6 6	49 49 49	255 255 255	88 125 148	114 121 132	255 128 0	255 128 0	1.4 0.3 0.8 140 93 0 600 388 0.8	0 0 0	243 129 52	90 170 170 240	127 86 86 86	127 149 94 0	122 120 0 1
//7AM
0 0 0	24 24 24	255 255 255	102 140 231	119 128 150	255 255 255	255 255 255	1.1 0.4 0.8 236 0 190 677 484 0	0 0 0	255 255 255	90 170 170 240	127 70 121 120	127 160 88 21	88 220 0 1
//Midday
0 0 0	53 53 53	255 255 255	122 128 190	128 142 160	255 255 255	255 255 255	1.8 0.3 0.8 211 0 149 613 495 0.4	0 0 0	255 255 255	145 170 170 240	127 58 110 115	127 123 70 14	255 255 0 1
//7PM
1 1 1	67 67 67	255 255 255	104 131 197	185 168 131	255 255 255	255 255 255	2.1 0.3 0.7 110 40 0 625 513 0.8	0 0 0	152 180 224	153 95 87 240	127 159 80 0	127 122 27 0	255 255 0 1
//8PM
0 0 0	22 22 22	255 255 255	27 37 88	103 76 44	255 128 0	155 0 0	2 0.4 0.4 100 60 0 644 331 1	0 0 0	128 128 192	67 67 67 240	127 118 89 48	127 69 28 6	62 120 0 1
//10PM
4 2 2	35 35 35	255 255 255	0 0 0	29 25 18	255 128 0	255 128 0	25.4 0.4 0.5 140 100 0 669 218 0.8	0 0 0	255 175 164	185 160 160 240	127 182 57 39	127 77 66 0	122 0 0 0
//
//////////// SUNNY_DESERT
//Amb			Amb_Obj	Dir			Sky top			Sky bot		SunCore		SunCorona	SunSz	SprSz	SprBght	Shdw	LightShd	PoleShd	FarClp	FogSt	LightOnGround	LowCloudsRGB	BottomCloudRGB	WaterRGBA			Alpha1	RGB1			Alpha2	RGB2		CloudAlpha		Illumination
//Midnight
0 0 0	33 33 33	255 255 255	0 0 0	0 0 0	0 0 0	5 0 0	1 0.3 0.8 200 100 0 615 204 1	0 0 0	3 3 3	38 38 55 240	127 64 64 64	127 88 27 0	122 0 0 0
//5AM
7 6 6	54 54 54	255 255 255	30 44 52	108 121 127	255 128 0	255 128 0	2.3 0.3 0.4 140 93 0 667 366 0.8	0 0 0	243 129 52	90 170 170 240	127 86 86 86	127 149 94 0	25 120 0 0
//6AM
6 6 6	49 49 49	255 255 255	88 125 148	114 121 132	255 128 0	255 128 0	1.4 0.3 0.8 140 93 0 600 388 0.8	0 0 0	243 129 52	90 170 170 240	127 86 86 86	127 149 94 0	122 120 0 1
//7AM
0 0 0	24 24 24	255 255 255	102 140 231	119 128 150	255 255 255	255 255 255	1.1 0.4 0.8 236 0 190 677 484 0	0 0 0	255 255 255	90 170 170 240	127 70 121 120	127 160 88 21	88 220 0 1
//Midday
0 0 0	53 53 53	255 255 255	122 128 190	128 142 160	255 255 255	255 255 255	1.8 0.3 0.8 211 0 149 613 495 0.4	0 0 0	255 255 255	145 170 170 240	127 58 110 115	127 123 70 14	255 255 0 1
//7PM
1 1 1	67 67 67	255 255 255	104 131 197	185 168 131	255 255 255	255 255 255	2.1 0.3 0.7 110 40 0 625 513 0.8	0 0 0	152 180 224	153 95 87 240	127 159 80 0	127 122 27 0	255 255 0 1
//8PM
0 0 0	22 22 22	255 255 255	27 37 88	103 76 44	255 128 0	155 0 0	2 0.4 0.4 100 60 0 644 331 1	0 0 0	128 128 192	67 67 67 240	127 118 89 48	127 69 28 6	62 120 0 1
//10PM
4 2 2	35 35 35	255 255 255	0 0 0	29 25 18	255 128 0	255 128 0	25.4 0.4 0.5 140 100 0 669 218 0.8	0 0 0	255 175 164	185 160 160 240	127 182 57 39	127 77 66 0	122 0 0 0
//
//////////// SANDSTORM_DESERT
//Amb			Amb_Obj	Dir			Sky top			Sky bot		SunCore		SunCorona	SunSz	SprSz	SprBght	Shdw	LightShd	PoleShd	FarClp	FogSt	LightOnGround	LowCloudsRGB	BottomCloudRGB	WaterRGBA			Alpha1	RGB1			Alpha2	RGB2		CloudAlpha		Illumination
//Midnight
0 0 0	33 33 33	255 255 255	0 0 0	0 0 0	0 0 0	5 0 0	1 0.3 0.8 200 100 0 615 204 1	0 0 0	3 3 3	38 38 55 240	127 64 64 64	127 88 27 0	122 0 0 1
//5AM
7 6 6	54 54 54	255 255 255	30 44 52	65 77 82	255 128 0	255 128 0	25.4 0.7 0.4 140 93 0 482 287 0.8	0 0 0	243 129 52	90 170 170 240	127 86 86 86	127 149 94 0	25 120 0 1
//6AM
14 14 14	49 49 49	255 255 255	17 26 30	123 128 124	255 128 0	255 128 0	25.4 0.3 0.8 140 93 0 600 165 0.8	0 0 0	243 129 52	90 170 170 240	127 86 86 86	127 149 94 0	122 120 0 1
//7AM
5 5 5	32 32 32	255 255 255	88 96 116	83 91 104	255 255 255	255 255 255	0 25.3 20.3 236 0 190 552 410 0	0 0 0	255 255 255	90 170 170 240	127 70 121 120	127 160 88 21	88 220 0 1
//Midday
12 12 12	53 53 53	255 255 255	76 71 100	74 83 93	255 255 255	255 255 255	1.8 0.2 0.8 211 0 149 433 408 0.4	0 0 0	255 255 255	145 170 170 240	127 58 110 115	127 123 70 14	255 255 0 1
//7PM
1 1 1	67 67 67	255 255 255	46 53 54	107 117 105	255 255 255	255 255 255	0.1 25.5 1 110 40 0 566 334 0.8	0 0 0	152 180 224	153 95 87 240	127 159 80 0	127 122 27 0	255 255 0 1
//8PM
0 0 0	22 22 22	255 255 255	16 21 52	31 39 38	255 128 0	155 0 0	2 0.4 0.4 100 60 0 644 331 1	0 0 0	128 128 192	67 67 67 240	127 118 89 48	127 69 28 6	62 120 0 1
//10PM
2 4 2	35 35 35	255 255 255	0 0 0	23 20 14	255 128 0	255 128 0	25.4 0.4 0.1 140 100 0 669 218 0.8	0 0 0	255 175 164	185 160 160 240	127 182 57 39	127 77 66 0	122 0 0 1
//
//////////// UNDERWATER
//Amb			Amb_Obj	Dir			Sky top			Sky bot		SunCore		SunCorona	SunSz	SprSz	SprBght	Shdw	LightShd	PoleShd	FarClp	FogSt	LightOnGround	LowCloudsRGB	BottomCloudRGB	WaterRGBA			Alpha1	RGB1			Alpha2	RGB2		CloudAlpha		Illumination
//Midnight
21 21 21	135 173 197	255 255 255	10 10 10	20 20 20	0 0 0	0 0 0	1 1 1 200 100 0 300 5 1	30 20 0	0 0 0	59 68 77 192	127 104 136 83	127 24 76 16	255 0 0 1
//5AM
21 21 21	135 173 197	255 255 255	10 10 10	20 20 20	0 0 0	0 0 0	0 1 1 200 100 0 300 5 1	70 27 10	0 0 0	59 68 77 192	127 94 141 95	127 0 70 20	255 0 0 1
//6AM
21 21 21	135 173 197	255 255 255	10 10 10	20 20 20	0 0 0	0 0 0	3.4 0.9 0.9 200 100 0 300 5 0.9	100 34 25	0 0 0	62 72 77 192	127 124 174 110	127 0 64 20	255 0 100 1
//7AM
21 21 21	135 173 197	255 255 255	40 40 40	50 50 50	0 0 0	0 0 0	2.5 0.7 0.8 80 80 0 300 5 0.8	120 40 40	0 0 0	107 117 122 192	127 124 153 104	127 0 48 20	255 0 0 1
//Midday
21 21 21	186 186 186	255 255 255	80 80 80	70 70 70	40 40 40	38 38 38	1 0.5 0.7 80 50 120 300 5 0.7	120 100 100	0 0 0	141 141 140 255	127 124 143 109	127 0 51 24	255 0 0 1
//7PM
21 21 21	135 173 193	255 255 255	80 80 80	70 70 70	0 0 0	0 0 0	3.5 1 1 80 50 0 300 5 0.9	120 40 40	0 0 0	116 135 144 192	127 124 139 85	127 10 46 22	255 0 0 1
//8PM
21 21 21	167 198 223	255 255 255	40 40 40	70 70 70	0 0 0	0 0 0	2 1 1 80 80 0 300 5 1	120 40 40	0 0 0	132 176 189 192	127 63 124 99	127 0 87 20	255 0 0 1
//10PM
21 21 21	167 198 223	255 255 255	40 40 40	50 50 50	0 0 0	0 0 0	1 1 1 200 100 0 300 5 1	70 27 10	0 0 0	161 176 189 192	127 124 124 91	127 0 85 20	255 0 0 1
//
//////////// EXTRACOLOURS_1
//Amb			Amb_Obj	Dir			Sky top			Sky bot		SunCore		SunCorona	SunSz	SprSz	SprBght	Shdw	LightShd	PoleShd	FarClp	FogSt	LightOnGround	LowCloudsRGB	BottomCloudRGB	WaterRGBA			Alpha1	RGB1			Alpha2	RGB2		CloudAlpha		Illumination
//Midnight
0 0 0	166 166 166	255 255 255	255 255 255	5 5 5	255 255 0	5 0 0	1 1 1 200 100 0 400 100 1	30 20 0	3 3 3	85 85 65 192	127 64 64 41	127 64 64 64	0 0 0 1
//5AM
0 0 0	121 122 122	255 255 255	1 1 1	5 5 5	255 255 0	5 0 0	1 0.4 1 200 100 0 400 100 1	30 20 0	3 3 3	65 85 65 147	127 64 64 43	127 73 69 64	0 0 0 1
//6AM
0 0 0	50 50 50	255 255 255	255 255 255	5 5 5	255 255 0	5 0 0	1 1 1 200 100 0 400 100 1	30 20 0	3 3 3	85 85 65 192	127 64 64 64	127 64 64 64	0 0 0 1
//7AM
0 0 0	180 180 180	255 255 255	1 1 1	5 5 5	255 255 0	5 0 0	1 1 1 200 100 0 400 100 1	30 20 0	3 3 3	85 85 65 192	127 64 64 46	127 65 64 64	0 0 0 1
//Midday
8 2 4	22 22 22	255 255 255	255 255 255	5 5 5	255 255 0	5 0 0	1 1 1 200 100 0 400 100 1	30 20 0	3 3 3	85 85 65 192	127 87 64 85	127 64 33 33	0 0 0 1
//7PM
7 9 2	54 55 55	255 255 255	255 255 255	5 5 5	255 255 0	5 0 0	1 1 1 200 100 0 400 100 1	30 20 0	3 3 3	85 85 65 192	127 44 64 87	127 99 99 99	0 0 0 1
//8PM
0 0 0	20 20 20	255 255 255	255 255 255	5 5 5	255 255 0	5 0 0	1 1 1 200 100 0 400 100 1	30 20 0	3 3 3	85 85 65 192	127 64 64 64	127 64 146 64	0 0 0 1
//10PM
0 0 0	20 20 20	255 255 255	255 255 255	5 5 5	255 255 0	5 0 0	1 0.4 0.5 200 100 0 400 100 1	30 20 0	3 3 3	85 85 65 192	127 64 64 64	127 96 92 64	0 0 0 1
//
//////////// EXTRACOLOURS_2
//Amb			Amb_Obj	Dir			Sky top			Sky bot		SunCore		SunCorona	SunSz	SprSz	SprBght	Shdw	LightShd	PoleShd	FarClp	FogSt	LightOnGround	LowCloudsRGB	BottomCloudRGB	WaterRGBA			Alpha1	RGB1			Alpha2	RGB2		CloudAlpha		Illumination
//Midnight
0 0 0	99 99 99	255 255 255	255 255 255	5 5 5	255 255 0	5 0 0	1 1 1 200 100 0 400 100 1	30 20 0	3 3 3	85 85 65 192	127 61 53 30	127 64 64 64	0 0 0 1
//5AM
30 30 30	20 20 20	255 255 255	255 255 255	5 5 5	255 255 0	5 0 0	1 1 1 200 100 0 400 100 1	30 20 0	3 3 3	85 85 65 192	127 64 64 64	127 64 73 80	0 0 0 1
//6AM
0 0 0	20 20 20	255 255 255	255 255 255	50 5 50	255 255 0	5 0 0	1 1 1 200 100 0 78 50 1	30 20 0	3 3 3	85 85 65 192	127 64 16 64	127 64 64 64	0 0 0 1
//7AM
0 0 0	133 133 133	255 255 255	255 255 255	0 0 0	0 0 0	5 0 0	1 1 1 200 0 0 400 100 1	30 20 0	3 3 3	85 85 65 192	127 64 64 64	127 64 64 64	0 0 0 1
//Midday
0 0 0	0 0 0	255 255 255	255 255 255	0 0 0	0 0 0	5 0 0	1 1 1 200 0 0 400 100 1	30 20 0	3 3 3	85 85 65 192	127 44 44 44	127 33 64 64	234 0 0 1
//7PM
0 0 0	20 20 20	255 255 255	255 255 255	5 5 5	255 255 0	5 0 0	1 1 1 200 100 0 400 100 1	30 20 0	3 3 3	85 85 65 192	127 64 64 64	127 64 146 64	0 0 0 1
//8PM
0 0 0	50 50 50	255 255 255	255 255 255	5 5 5	255 255 0	5 0 0	1 1 1 200 100 0 400 100 1	30 20 0	3 3 3	85 85 65 192	127 64 64 64	127 64 64 64	0 0 0 1
//10PM
0 0 0	190 180 180	255 255 255	1 1 1	5 5 5	255 255 0	5 0 0	1 1 1 200 100 0 400 100 1	30 20 0	3 3 3	85 85 65 192	127 64 64 64	127 64 64 40	0 0 0 1
//
